000000
000001
000002
000003
000005
000006
000007
000008
000009
000010
000011
000012
000013
000015
000016
000017
000018
000019
000021
000023
000026
000027
000028
000030
000031
000047
000057
000058
000060
000061
000070
000071
000078
000080
000081
000088
000090
000091
000107
000108
000110
000111
000113
000116
000117
000118
000121
000123
000126
000127
000128
000130
000131
000158
000160
000161
000170
000171
000178
000180
000181
000190
000191
000200
000201
000206
000208
000210
000211
000218
000227
000260
000261
000270
000271
000280
000281
000360
000361
000460
000461
000471
000660
000661
000806
000818
000881
001007
001017
001070
001071
001107
001117
001160
001170
001171
001206
001260
001261
001270
001271
001360
001361
001818
002000
002001
002007
002008
002010
002011
002018
002057
002071
002108
002110
002111
002118
002270
002271
006007
006060
006061
007008
007018
007118
012007
012071
016007
017008
017018
061117
071117
071160
071161
112007
116007
117008
611008
611170
676111
870008
870081
